              0              0              0
    0.000999001    0.017962232   0.0089413199
    0.001998002     0.02679464    0.017783831
    0.002997003    0.035529222    0.026528515
    0.003996004     0.04416695    0.035176344
    0.004995005    0.052708787    0.043728282
    0.005994006    0.061155687    0.052185281
    0.006993007    0.069508592    0.060548286
    0.007992008    0.077768438     0.06881823
    0.008991009    0.085936149    0.076996039
     0.00999001    0.094012641    0.085082628
    0.010989011     0.10199882    0.093078904
    0.011988012     0.10989559     0.10098577
    0.012987013     0.11770383      0.1088041
    0.013986014     0.12542442     0.11653479
    0.014985015     0.13305824      0.1241787
    0.015984016     0.14060615      0.1317367
    0.016983017       0.148069     0.13920965
    0.017982018     0.15544764     0.14659838
    0.018981019      0.1627429     0.15390373
     0.01998002     0.16995562     0.16112654
    0.020979021     0.17708661     0.16826762
    0.021978022     0.18413669     0.17532778
    0.022977023     0.19110666     0.18230784
    0.023976024     0.19799731     0.18920858
    0.024975025     0.20480944      0.1960308
    0.025974026     0.21154383     0.20277527
    0.026973027     0.21820125     0.20944277
    0.027972028     0.22478246     0.21603406
    0.028971029     0.23128822     0.22254991
     0.02997003     0.23771928     0.22899105
    0.030969031     0.24407639     0.23535824
    0.031968032     0.25036027     0.24165221
    0.032967033     0.25657166     0.24787368
    0.033966034     0.26271128     0.25402338
    0.034965035     0.26877985     0.26010203
    0.035964036     0.27477805     0.26611031
    0.036963037     0.28070661     0.27204895
    0.037962038      0.2865662     0.27791862
    0.038961039     0.29235752     0.28372002
     0.03996004     0.29808124     0.28945381
    0.040959041     0.30373804     0.29512069
    0.041958042     0.30932858      0.3007213
    0.042957043     0.31485351     0.30625631
    0.043956044      0.3203135     0.31172638
    0.044955045     0.32570918     0.31713213
    0.045954046      0.3310412     0.32247423
    0.046953047     0.33631019     0.32775329
    0.047952048     0.34151678     0.33296995
    0.048951049     0.34666158     0.33812482
     0.04995005     0.35174521     0.34321852
    0.050949051     0.35676827     0.34825166
    0.051948052     0.36173138     0.35322484
    0.052947053     0.36663512     0.35813865
    0.053946054     0.37148009     0.36299369
    0.054945055     0.37626687     0.36779054
    0.055944056     0.38099604     0.37252977
    0.056943057     0.38566817     0.37721197
    0.057942058     0.39028382      0.3818377
    0.058941059     0.39484357     0.38640751
     0.05994006     0.39934796     0.39092197
    0.060939061     0.40379755     0.39538162
    0.061938062     0.40819288     0.39978702
    0.062937063     0.41253449     0.40413869
    0.063936064     0.41682291     0.40843718
    0.064935065     0.42105867     0.41268301
    0.065934066      0.4252423      0.4168767
    0.066933067     0.42937432     0.42101878
    0.067932068     0.43345523     0.42510975
    0.068931069     0.43748554     0.42915013
     0.06993007     0.44146577     0.43314042
    0.070929071      0.4453964     0.43708111
    0.071928072     0.44927792      0.4409727
    0.072927073     0.45311084     0.44481568
    0.073926074     0.45689563     0.44861052
    0.074925075     0.46063276     0.45235772
    0.075924076     0.46432272     0.45605774
    0.076923077     0.46796597     0.45971105
    0.077922078     0.47156297     0.46331811
    0.078921079     0.47511419     0.46687939
     0.07992008     0.47862008     0.47039534
    0.080919081     0.48208109     0.47386641
    0.081918082     0.48549767     0.47729304
    0.082917083     0.48887026     0.48067569
    0.083916084     0.49219929     0.48401478
    0.084915085      0.4954852     0.48731074
    0.085914086     0.49872842     0.49056402
    0.086913087     0.50192937     0.49377503
    0.087912088     0.50508847     0.49694419
    0.088911089     0.50820615     0.50007191
     0.08991009      0.5112828     0.50315862
    0.090909091     0.51431884     0.50620471
    0.091908092     0.51731467      0.5092106
    0.092907093     0.52027069     0.51217668
    0.093906094      0.5231873     0.51510334
    0.094905095     0.52606488     0.51799098
    0.095904096     0.52890384     0.52083999
    0.096903097     0.53170454     0.52365074
    0.097902098     0.53446738     0.52642363
    0.098901099     0.53719272     0.52915902
      0.0999001     0.53988094      0.5318573
      0.1008991     0.54253241     0.53451882
      0.1018981      0.5451475     0.53714396
      0.1028971     0.54772656     0.53973307
      0.1038961     0.55026995     0.54228651
      0.1048951     0.55277804     0.54480465
     0.10589411     0.55525116     0.54728782
     0.10689311     0.55768967     0.54973638
     0.10789211     0.56009391     0.55215067
     0.10889111     0.56246422     0.55453103
     0.10989011     0.56480094      0.5568778
     0.11088911     0.56710441     0.55919131
     0.11188811     0.56937494      0.5614719
     0.11288711     0.57161288     0.56371989
     0.11388611     0.57381854      0.5659356
     0.11488511     0.57599225     0.56811935
     0.11588412     0.57813432     0.57027147
     0.11688312     0.58024507     0.57239227
     0.11788212     0.58232481     0.57448206
     0.11888112     0.58437385     0.57654114
     0.11988012     0.58639249     0.57856982
     0.12087912     0.58838103     0.58056841
     0.12187812     0.59033978      0.5825372
     0.12287712     0.59226902      0.5844765
     0.12387612     0.59416906     0.58638658
     0.12487512     0.59604019     0.58826775
     0.12587413     0.59788268     0.59012029
     0.12687313     0.59969683     0.59194449
     0.12787213     0.60148292     0.59374062
     0.12887113     0.60324122     0.59550897
     0.12987013     0.60497202     0.59724981
     0.13086913     0.60667558     0.59896341
     0.13186813     0.60835218     0.60065005
     0.13286713     0.61000208        0.60231
     0.13386613     0.61162556     0.60394352
     0.13486513     0.61322286     0.60555087
     0.13586414     0.61479426     0.60713231
     0.13686314     0.61634001      0.6086881
     0.13786214     0.61786037      0.6102185
     0.13886114     0.61935558     0.61172375
     0.13986014      0.6208259     0.61320411
     0.14085914     0.62227157     0.61465983
     0.14185814     0.62369285     0.61609115
     0.14285714     0.62508997     0.61749831
     0.14385614     0.62646317     0.61888155
     0.14485514     0.62781269     0.62024111
     0.14585415     0.62913877     0.62157723
     0.14685315     0.63044163     0.62289013
     0.14785215     0.63172152     0.62418006
     0.14885115     0.63297865     0.62544723
     0.14985015     0.63421326     0.62669188
     0.15084915     0.63542557     0.62791423
     0.15184815     0.63661579     0.62911449
     0.15284715     0.63778416      0.6302929
     0.15384615     0.63893088     0.63144966
     0.15484515     0.64005617     0.63258499
     0.15584416     0.64116025     0.63369911
     0.15684316     0.64224333     0.63479222
     0.15784216      0.6433056     0.63586454
     0.15884116     0.64434729     0.63691627
     0.15984016      0.6453686     0.63794761
     0.16083916     0.64636972     0.63895877
     0.16183816     0.64735087     0.63994995
     0.16283716     0.64831223     0.64092135
     0.16383616       0.649254     0.64187316
     0.16483516     0.65017638     0.64280558
     0.16583417     0.65107957     0.64371881
     0.16683317     0.65196375     0.64461302
     0.16783217     0.65282911     0.64548842
     0.16883117     0.65367584     0.64634518
     0.16983017     0.65450412      0.6471835
     0.17082917     0.65531414     0.64800356
     0.17182817     0.65610608     0.64880553
     0.17282717     0.65688011      0.6495896
     0.17382617     0.65763642     0.65035595
     0.17482517     0.65837519     0.65110475
     0.17582418     0.65909658     0.65183618
     0.17682318     0.65980077     0.65255041
     0.17782218     0.66048794     0.65324761
     0.17882118     0.66115824     0.65392794
     0.17982018     0.66181185     0.65459159
     0.18081918     0.66244893     0.65523871
     0.18181818     0.66306965     0.65586946
     0.18281718     0.66367417     0.65648402
     0.18381618     0.66426266     0.65708253
     0.18481518     0.66483526     0.65766517
     0.18581419     0.66539214     0.65823209
     0.18681319     0.66593346     0.65878344
     0.18781219     0.66645937     0.65931938
     0.18881119     0.66697002     0.65984006
     0.18981019     0.66746556     0.66034564
     0.19080919     0.66794615     0.66083626
     0.19180819     0.66841193     0.66131208
     0.19280719     0.66886305     0.66177324
     0.19380619     0.66929966     0.66221988
     0.19480519      0.6697219     0.66265215
      0.1958042     0.67012991      0.6630702
      0.1968032     0.67052384     0.66347416
      0.1978022     0.67090382     0.66386417
      0.1988012        0.67127     0.66424038
      0.1998002      0.6716225     0.66460292
      0.2007992     0.67196148     0.66495192
      0.2017982     0.67228705     0.66528753
      0.2027972     0.67259936     0.66560987
      0.2037962     0.67289853     0.66591907
      0.2047952      0.6731847     0.66621528
     0.20579421       0.673458      0.6664986
     0.20679321     0.67371855     0.66676919
     0.20779221     0.67396648     0.66702715
     0.20879121     0.67420192     0.66727262
     0.20979021     0.67442498     0.66750572
     0.21078921      0.6746358     0.66772657
     0.21178821      0.6748345     0.66793529
     0.21278721     0.67502119     0.66813201
     0.21378621     0.67519599     0.66831685
     0.21478521     0.67535903     0.66848992
     0.21578422     0.67551042     0.66865134
     0.21678322     0.67565027     0.66880122
     0.21778222     0.67577871     0.66893969
     0.21878122     0.67589583     0.66906684
     0.21978022     0.67600177     0.66918281
     0.22077922     0.67609662     0.66928769
     0.22177822      0.6761805      0.6693816
     0.22277722     0.67625351     0.66946465
     0.22377622     0.67631577     0.66953694
     0.22477522     0.67636739     0.66959858
     0.22577423     0.67640846     0.66964968
     0.22677323     0.67643909     0.66969034
     0.22777223     0.67645938     0.66972067
     0.22877123     0.67646945     0.66974076
     0.22977023     0.67646939     0.66975073
     0.23076923      0.6764593     0.66975067
     0.23176823     0.67643927     0.66974067
     0.23276723     0.67640942     0.66972085
     0.23376623     0.67636984      0.6696913
     0.23476523     0.67632062      0.6696521
     0.23576424     0.67626186     0.66960337
     0.23676324     0.67619365      0.6695452
     0.23776224     0.67611609     0.66947767
     0.23876124     0.67602928     0.66940088
     0.23976024     0.67593329     0.66931493
     0.24075924     0.67582824      0.6692199
     0.24175824     0.67571419     0.66911588
     0.24275724     0.67559125     0.66900297
     0.24375624     0.67545951     0.66888125
     0.24475524     0.67531904     0.66875081
     0.24575425     0.67516994     0.66861174
     0.24675325     0.67501229     0.66846412
     0.24775225     0.67484618     0.66830804
     0.24875125     0.67467169     0.66814358
     0.24975025     0.67448891     0.66797083
     0.25074925     0.67429791     0.66778986
     0.25174825     0.67409879     0.66760076
     0.25274725     0.67389161     0.66740361
     0.25374625     0.67367646     0.66719849
     0.25474525     0.67345343     0.66698548
     0.25574426     0.67322258     0.66676466
     0.25674326     0.67298399      0.6665361
     0.25774226     0.67273775     0.66629989
     0.25874126     0.67248392     0.66605609
     0.25974026     0.67222259     0.66580479
     0.26073926     0.67195383     0.66554605
     0.26173826     0.67167771     0.66527996
     0.26273726      0.6713943     0.66500658
     0.26373626     0.67110368     0.66472599
     0.26473526     0.67080593     0.66443825
     0.26573427      0.6705011     0.66414345
     0.26673327     0.67018927     0.66384165
     0.26773227     0.66987051     0.66353292
     0.26873127     0.66954489     0.66321733
     0.26973027     0.66921248     0.66289494
     0.27072927     0.66887334     0.66256583
     0.27172827     0.66852755     0.66223007
     0.27272727     0.66817516     0.66188771
     0.27372627     0.66781625     0.66153882
     0.27472527     0.66745087     0.66118347
     0.27572428      0.6670791     0.66082172
     0.27672328     0.66670099     0.66045364
     0.27772228     0.66631661     0.66007929
     0.27872128     0.66592603     0.65969873
     0.27972028     0.66552929     0.65931202
     0.28071928     0.66512647     0.65891923
     0.28171828     0.66471763     0.65852041
     0.28271728     0.66430282     0.65811562
     0.28371628      0.6638821     0.65770493
     0.28471528     0.66345553     0.65728839
     0.28571429     0.66302318     0.65686607
     0.28671329      0.6625851     0.65643801
     0.28771229     0.66214133     0.65600427
     0.28871129     0.66169196     0.65556492
     0.28971029     0.66123701        0.65512
     0.29070929     0.66077657     0.65466958
     0.29170829     0.66031067     0.65421371
     0.29270729     0.65983937     0.65375243
     0.29370629     0.65936272     0.65328581
     0.29470529     0.65888079      0.6528139
      0.2957043     0.65839361     0.65233675
      0.2967033     0.65790125     0.65185442
      0.2977023     0.65740375     0.65136695
      0.2987013     0.65690117     0.65087439
      0.2997003     0.65639356      0.6503768
      0.3006993     0.65588096     0.64987423
      0.3016983     0.65536343     0.64936672
      0.3026973     0.65484101     0.64885433
      0.3036963     0.65431375      0.6483371
      0.3046953     0.65378171     0.64781508
     0.30569431     0.65324493     0.64728833
     0.30669331     0.65270345     0.64675687
     0.30769231     0.65215733     0.64622077
     0.30869131      0.6516066     0.64568007
     0.30969031     0.65105132     0.64513482
     0.31068931     0.65049153     0.64458505
     0.31168831     0.64992728     0.64403082
     0.31268731      0.6493586     0.64347217
     0.31368631     0.64878555     0.64290914
     0.31468531     0.64820816     0.64234178
     0.31568432     0.64762649     0.64177013
     0.31668332     0.64704056     0.64119423
     0.31768232     0.64645043     0.64061413
     0.31868132     0.64585614     0.64002986
     0.31968032     0.64525773     0.63944147
     0.32067932     0.64465523       0.638849
     0.32167832      0.6440487     0.63825249
     0.32267732     0.64343816     0.63765198
     0.32367632     0.64282366     0.63704751
     0.32467532     0.64220525     0.63643911
     0.32567433     0.64158295     0.63582684
     0.32667333      0.6409568     0.63521072
     0.32767233     0.64032685     0.63459079
     0.32867133     0.63969314      0.6339671
     0.32967033     0.63905569     0.63333968
     0.33066933     0.63841455     0.63270856
     0.33166833     0.63776975     0.63207379
     0.33266733     0.63712133      0.6314354
     0.33366633     0.63646933     0.63079342
     0.33466533     0.63581378     0.63014789
     0.33566434     0.63515472     0.62949885
     0.33666334     0.63449218     0.62884634
     0.33766234      0.6338262     0.62819038
     0.33866134      0.6331568     0.62753101
     0.33966034     0.63248403     0.62686826
     0.34065934     0.63180792     0.62620218
     0.34165834      0.6311285     0.62553278
     0.34265734     0.63044581     0.62486011
     0.34365634     0.62975987     0.62418419
     0.34465534     0.62907072     0.62350506
     0.34565435     0.62837839     0.62282276
     0.34665335     0.62768291     0.62213731
     0.34765235     0.62698431     0.62144874
     0.34865135     0.62628264     0.62075708
     0.34965035      0.6255779     0.62006237
     0.35064935     0.62487015     0.61936464
     0.35164835     0.62415939     0.61866391
     0.35264735     0.62344568     0.61796022
     0.35364635     0.62272903     0.61725359
     0.35464535     0.62200947     0.61654406
     0.35564436     0.62128703     0.61583164
     0.35664336     0.62056175     0.61511639
     0.35764236     0.61983365     0.61439831
     0.35864136     0.61910276     0.61367744
     0.35964036      0.6183691      0.6129538
     0.36063936      0.6176327     0.61222743
     0.36163836      0.6168936     0.61149835
     0.36263736     0.61615181     0.61076658
     0.36363636     0.61540737     0.61003216
     0.36463536     0.61466029     0.60929512
     0.36563437     0.61391062     0.60855546
     0.36663337     0.61315836     0.60781323
     0.36763237     0.61240356     0.60706845
     0.36863137     0.61164623     0.60632114
     0.36963037     0.61088639     0.60557133
     0.37062937     0.61012408     0.60481904
     0.37162837     0.60935932      0.6040643
     0.37262737     0.60859213     0.60330714
     0.37362637     0.60782254     0.60254757
     0.37462537     0.60705056     0.60178562
     0.37562438     0.60627624     0.60102131
     0.37662338     0.60549958     0.60025468
     0.37762238     0.60472061     0.59948573
     0.37862138     0.60393935     0.59871449
     0.37962038     0.60315583       0.597941
     0.38061938     0.60237007     0.59716526
     0.38161838     0.60158209      0.5963873
     0.38261738     0.60079191     0.59560715
     0.38361638     0.59999956     0.59482482
     0.38461538     0.59920505     0.59404034
     0.38561439     0.59840842     0.59325372
     0.38661339     0.59760967       0.592465
     0.38761239     0.59680883     0.59167418
     0.38861139     0.59600592      0.5908813
     0.38961039     0.59520097     0.59008637
     0.39060939     0.59439399     0.58928941
     0.39160839       0.593585     0.58849044
     0.39260739     0.59277402     0.58768949
     0.39360639     0.59196107     0.58688656
     0.39460539     0.59114617     0.58608169
      0.3956044     0.59032935     0.58527489
      0.3966034     0.58951062     0.58446617
      0.3976024     0.58868999     0.58365557
      0.3986014     0.58786749      0.5828431
      0.3996004     0.58704314     0.58202877
      0.4005994     0.58621695      0.5812126
      0.4015984     0.58538895     0.58039462
      0.4025974     0.58455915     0.57957484
      0.4035964     0.58372756     0.57875328
      0.4045954     0.58289422     0.57792996
     0.40559441     0.58205912     0.57710489
     0.40659341      0.5812223     0.57627809
     0.40759241     0.58038377     0.57544958
     0.40859141     0.57954354     0.57461937
     0.40959041     0.57870164     0.57378749
     0.41058941     0.57785807     0.57295395
     0.41158841     0.57701286     0.57211876
     0.41258741     0.57616603     0.57128195
     0.41358641     0.57531758     0.57044352
     0.41458541     0.57446753      0.5696035
     0.41558442     0.57361591      0.5687619
     0.41658342     0.57276272     0.56791873
     0.41758242     0.57190798     0.56707402
     0.41858142     0.57105171     0.56622777
     0.41958042     0.57019392        0.56538
     0.42057942     0.56933463     0.56453073
     0.42157842     0.56847385     0.56367998
     0.42257742      0.5676116     0.56282775
     0.42357642     0.56674789     0.56197406
     0.42457542     0.56588273     0.56111893
     0.42557443     0.56501615     0.56026236
     0.42657343     0.56414815     0.55940439
     0.42757243     0.56327875     0.55854501
     0.42857143     0.56240796     0.55768424
     0.42957043      0.5615358      0.5568221
     0.43056943     0.56066228      0.5559586
     0.43156843     0.55978741     0.55509376
     0.43256743     0.55891121     0.55422758
     0.43356643     0.55803369     0.55336008
     0.43456543     0.55715486     0.55249127
     0.43556444     0.55627474     0.55162117
     0.43656344     0.55539333     0.55074979
     0.43756244     0.55451066     0.54987714
     0.43856144     0.55362674     0.54900324
     0.43956044     0.55274157     0.54812809
     0.44055944     0.55185517     0.54725171
     0.44155844     0.55096755     0.54637412
     0.44255744     0.55007872     0.54549531
     0.44355644      0.5491887     0.54461532
     0.44455544      0.5482975     0.54373414
     0.44555445     0.54740513     0.54285179
     0.44655345      0.5465116     0.54196828
     0.44755245     0.54561692     0.54108362
     0.44855145      0.5447211     0.54019783
     0.44955045     0.54382416     0.53931091
     0.45054945     0.54292611     0.53842288
     0.45154845     0.54202695     0.53753374
     0.45254745      0.5411267     0.53664352
     0.45354645     0.54022538     0.53575221
     0.45454545     0.53932298     0.53485984
     0.45554446     0.53841952      0.5339664
     0.45654346     0.53751501     0.53307191
     0.45754246     0.53660947     0.53217639
     0.45854146     0.53570289     0.53127984
     0.45954046      0.5347953     0.53038227
     0.46053946      0.5338867     0.52948369
     0.46153846      0.5329771     0.52858412
     0.46253746     0.53206652     0.52768355
     0.46353646     0.53115496     0.52678201
     0.46453546     0.53024242      0.5258795
     0.46553447     0.52932893     0.52497603
     0.46653347      0.5284145     0.52407162
     0.46753247     0.52749912     0.52316626
     0.46853147     0.52658281     0.52225997
     0.46953047     0.52566558     0.52135276
     0.47052947     0.52474743     0.52044464
     0.47152847     0.52382839     0.51953562
     0.47252747     0.52290845      0.5186257
     0.47352647     0.52198762      0.5177149
     0.47452547     0.52106592     0.51680322
     0.47552448     0.52014336     0.51589068
     0.47652348     0.51921993     0.51497727
     0.47752248     0.51829565     0.51406301
     0.47852148     0.51737053     0.51314792
     0.47952048     0.51644458     0.51223199
     0.48051948      0.5155178     0.51131523
     0.48151848      0.5145902     0.51039766
     0.48251748      0.5136618     0.50947927
     0.48351648     0.51273259     0.50856009
     0.48451548      0.5118026     0.50764011
     0.48551449     0.51087181     0.50671935
     0.48651349     0.50994025     0.50579781
     0.48751249     0.50900792      0.5048755
     0.48851149     0.50807483     0.50395243
     0.48951049     0.50714098     0.50302861
     0.49050949     0.50620639     0.50210404
     0.49150849     0.50527106     0.50117873
     0.49250749     0.50433499     0.50025269
     0.49350649      0.5033982     0.49932592
     0.49450549      0.5024607     0.49839843
      0.4955045     0.50152248     0.49747024
      0.4965035     0.50058356     0.49654134
      0.4975025     0.49964394     0.49561174
      0.4985015     0.49870364     0.49468146
      0.4995005     0.49776265     0.49375049
      0.5004995     0.49682098     0.49281885
      0.5014985     0.49587865     0.49188653
      0.5024975     0.49493565     0.49095356
      0.5034965       0.493992     0.49001993
      0.5044955      0.4930477     0.48908565
     0.50549451     0.49210275     0.48815073
     0.50649351     0.49115717     0.48721517
     0.50749251     0.49021096     0.48627898
     0.50849151     0.48926412     0.48534216
     0.50949051     0.48831667     0.48440473
     0.51048951     0.48736861     0.48346669
     0.51148851     0.48641994     0.48252804
     0.51248751     0.48547067     0.48158879
     0.51348651     0.48452081     0.48064895
     0.51448551     0.48357035     0.47970852
     0.51548452     0.48261932     0.47876751
     0.51648352     0.48166771     0.47782593
     0.51748252     0.48071554     0.47688377
     0.51848152     0.47976279     0.47594105
     0.51948052     0.47880949     0.47499777
     0.52047952     0.47785563     0.47405393
     0.52147852     0.47690123     0.47310955
     0.52247752     0.47594629     0.47216463
     0.52347652      0.4749908     0.47121917
     0.52447552     0.47403479     0.47027317
     0.52547453     0.47307825     0.46932665
     0.52647353     0.47212118     0.46837961
     0.52747253     0.47116361     0.46743206
     0.52847153     0.47020552     0.46648399
     0.52947053     0.46924692     0.46553542
     0.53046953     0.46828782     0.46458634
     0.53146853     0.46732823     0.46363677
     0.53246753     0.46636815     0.46268671
     0.53346653     0.46540758     0.46173616
     0.53446553     0.46444653     0.46078513
     0.53546454     0.46348501     0.45983363
     0.53646354     0.46252301     0.45888165
     0.53746254     0.46156054     0.45792921
     0.53846154     0.46059761      0.4569763
     0.53946054     0.45963423     0.45602294
     0.54045954     0.45867039     0.45506912
     0.54145854      0.4577061     0.45411486
     0.54245754     0.45674137     0.45316015
     0.54345654      0.4557762       0.452205
     0.54445554      0.4548106     0.45124941
     0.54545455     0.45384456      0.4502934
     0.54645355     0.45287809     0.44933695
     0.54745255     0.45191121     0.44838009
     0.54845155      0.4509439     0.44742281
     0.54945055     0.44997618     0.44646511
     0.55044955     0.44900805       0.445507
     0.55144855     0.44803952     0.44454849
     0.55244755     0.44707058     0.44358957
     0.55344655     0.44610124     0.44263025
     0.55444555     0.44513151     0.44167055
     0.55544456     0.44416139     0.44071045
     0.55644356     0.44319089     0.43974996
     0.55744256        0.44222      0.4387891
     0.55844156     0.44124873     0.43782785
     0.55944056     0.44027709     0.43686623
     0.56043956     0.43930508     0.43590424
     0.56143856      0.4383327     0.43494188
     0.56243756     0.43735995     0.43397916
     0.56343656     0.43638685     0.43301607
     0.56443556     0.43541339     0.43205263
     0.56543457     0.43443957     0.43108884
     0.56643357     0.43346541      0.4301247
     0.56743257      0.4324909     0.42916021
     0.56843157     0.43151605     0.42819538
     0.56943057     0.43054085     0.42723021
     0.57042957     0.42956533      0.4262647
     0.57142857     0.42858947     0.42529887
     0.57242757     0.42761328      0.4243327
     0.57342657     0.42663676      0.4233662
     0.57442557     0.42565992     0.42239939
     0.57542458     0.42468277     0.42143225
     0.57642358     0.42370529      0.4204648
     0.57742258     0.42272751     0.41949704
     0.57842158     0.42174941     0.41852896
     0.57942058     0.42077101     0.41756058
     0.58041958      0.4197923     0.41659189
     0.58141858     0.41881329     0.41562291
     0.58241758     0.41783399     0.41465362
     0.58341658     0.41685438     0.41368404
     0.58441558     0.41587449     0.41271417
     0.58541459     0.41489431     0.41174401
     0.58641359     0.41391384     0.41077356
     0.58741259     0.41293309     0.40980283
     0.58841159     0.41195206     0.40883182
     0.58941059     0.41097075     0.40786053
     0.59040959     0.40998916     0.40688897
     0.59140859      0.4090073     0.40591713
     0.59240759     0.40802518     0.40494503
     0.59340659     0.40704278     0.40397265
     0.59440559     0.40606012     0.40300002
      0.5954046      0.4050772     0.40202712
      0.5964036     0.40409402     0.40105396
      0.5974026     0.40311059     0.40008055
      0.5984016      0.4021269     0.39910688
      0.5994006     0.40114296     0.39813296
      0.6003996     0.40015877     0.39715879
      0.6013986     0.39917433     0.39618438
      0.6023976     0.39818965     0.39520972
      0.6033966     0.39720473     0.39423482
      0.6043956     0.39621957     0.39325968
     0.60539461     0.39523418      0.3922843
     0.60639361     0.39424854     0.39130869
     0.60739261     0.39326268     0.39033285
     0.60839161     0.39227659     0.38935678
     0.60939061     0.39129027     0.38838048
     0.61038961     0.39030372     0.38740395
     0.61138861     0.38931695     0.38642721
     0.61238761     0.38832996     0.38545024
     0.61338661     0.38734275     0.38447305
     0.61438561     0.38635533     0.38349565
     0.61538462     0.38536769     0.38251803
     0.61638362     0.38437984      0.3815402
     0.61738262     0.38339178     0.38056216
     0.61838162     0.38240351     0.37958391
     0.61938062     0.38141503     0.37860546
     0.62037962     0.38042636      0.3776268
     0.62137862     0.37943747     0.37664794
     0.62237762     0.37844839     0.37566889
     0.62337662     0.37745912     0.37468963
     0.62437562     0.37646964     0.37371018
     0.62537463     0.37547998     0.37273053
     0.62637363     0.37449012     0.37175069
     0.62737263     0.37350007     0.37077066
     0.62837163     0.37250983     0.36979045
     0.62937063      0.3715194     0.36881005
     0.63036963      0.3705288     0.36782946
     0.63136863     0.36953801     0.36684869
     0.63236763     0.36854703     0.36586774
     0.63336663     0.36755588     0.36488661
     0.63436563     0.36656456      0.3639053
     0.63536464     0.36557305     0.36292382
     0.63636364     0.36458137     0.36194216
     0.63736264     0.36358953     0.36096034
     0.63836164     0.36259751     0.35997834
     0.63936064     0.36160532     0.35899617
     0.64035964     0.36061296     0.35801384
     0.64135864     0.35962044     0.35703134
     0.64235764     0.35862776     0.35604868
     0.64335664     0.35763491     0.35506585
     0.64435564     0.35664191     0.35408287
     0.64535465     0.35564874     0.35309973
     0.64635365     0.35465542     0.35211643
     0.64735265     0.35366195     0.35113297
     0.64835165     0.35266831     0.35014936
     0.64935065     0.35167453      0.3491656
     0.65034965     0.35068059     0.34818168
     0.65134865     0.34968651     0.34719762
     0.65234765     0.34869228     0.34621341
     0.65334665      0.3476979     0.34522905
     0.65434565     0.34670337     0.34424455
     0.65534466     0.34570871      0.3432599
     0.65634366      0.3447139     0.34227511
     0.65734266     0.34371895     0.34129018
     0.65834166     0.34272386     0.34030511
     0.65934066     0.34172863     0.33931991
     0.66033966     0.34073326     0.33833456
     0.66133866     0.33973776     0.33734908
     0.66233766     0.33874213     0.33636347
     0.66333666     0.33774636     0.33537773
     0.66433566     0.33675046     0.33439185
     0.66533467     0.33575443     0.33340584
     0.66633367     0.33475828     0.33241971
     0.66733267     0.33376199     0.33143344
     0.66833167     0.33276558     0.33044705
     0.66933067     0.33176905     0.32946054
     0.67032967     0.33077239      0.3284739
     0.67132867     0.32977561     0.32748714
     0.67232767      0.3287787     0.32650026
     0.67332667     0.32778168     0.32551326
     0.67432567     0.32678454     0.32452614
     0.67532468     0.32578728      0.3235389
     0.67632368      0.3247899     0.32255155
     0.67732268     0.32379241     0.32156408
     0.67832168     0.32279481     0.32057649
     0.67932068     0.32179709     0.31958879
     0.68031968     0.32079926     0.31860099
     0.68131868     0.31980132     0.31761307
     0.68231768     0.31880327     0.31662504
     0.68331668     0.31780511      0.3156369
     0.68431568     0.31680684     0.31464865
     0.68531469     0.31580847      0.3136603
     0.68631369     0.31480999     0.31267184
     0.68731269      0.3138114     0.31168328
     0.68831169     0.31281272     0.31069462
     0.68931069     0.31181393     0.30970585
     0.69030969     0.31081504     0.30871698
     0.69130869     0.30981605     0.30772801
     0.69230769     0.30881696     0.30673894
     0.69330669     0.30781777     0.30574978
     0.69430569     0.30681849     0.30476051
      0.6953047     0.30581911     0.30377115
      0.6963037     0.30481963      0.3027817
      0.6973027     0.30382006     0.30179215
      0.6983017     0.30282039      0.3008025
      0.6993007     0.30182064     0.29981277
      0.7002997     0.30082079     0.29882294
      0.7012987     0.29982085     0.29783302
      0.7022977     0.29882082     0.29684301
      0.7032967      0.2978207     0.29585292
      0.7042957     0.29682049     0.29486273
     0.70529471      0.2958202     0.29387246
     0.70629371     0.29481982      0.2928821
     0.70729271     0.29381935     0.29189166
     0.70829171      0.2928188     0.29090113
     0.70929071     0.29181817     0.28991051
     0.71028971     0.29081745     0.28891982
     0.71128871     0.28981665     0.28792904
     0.71228771     0.28881577     0.28693818
     0.71328671     0.28781481     0.28594724
     0.71428571     0.28681377     0.28495622
     0.71528472     0.28581265     0.28396513
     0.71628372     0.28481146     0.28297395
     0.71728272     0.28381018      0.2819827
     0.71828172     0.28280883     0.28099137
     0.71928072      0.2818074     0.27999996
     0.72027972      0.2808059     0.27900848
     0.72127872     0.27980432     0.27801692
     0.72227772     0.27880267      0.2770253
     0.72327672     0.27780095     0.27603359
     0.72427572     0.27679916     0.27504182
     0.72527473     0.27579729     0.27404998
     0.72627373     0.27479535     0.27305806
     0.72727273     0.27379335     0.27206607
     0.72827173     0.27279127     0.27107402
     0.72927073     0.27178913      0.2700819
     0.73026973     0.27078691      0.2690897
     0.73126873     0.26978463     0.26809745
     0.73226773     0.26878229     0.26710512
     0.73326673     0.26777987     0.26611273
     0.73426573      0.2667774     0.26512027
     0.73526474     0.26577485     0.26412775
     0.73626374     0.26477225     0.26313517
     0.73726274     0.26376958     0.26214252
     0.73826174     0.26276685     0.26114981
     0.73926074     0.26176405     0.26015703
     0.74025974      0.2607612      0.2591642
     0.74125874     0.25975828      0.2581713
     0.74225774      0.2587553     0.25717835
     0.74325674     0.25775227     0.25618533
     0.74425574     0.25674917     0.25519226
     0.74525475     0.25574602     0.25419913
     0.74625375      0.2547428     0.25320594
     0.74725275     0.25373954     0.25221269
     0.74825175     0.25273621     0.25121938
     0.74925075     0.25173283     0.25022602
     0.75024975     0.25072939     0.24923261
     0.75124875      0.2497259     0.24823913
     0.75224775     0.24872235     0.24724561
     0.75324675     0.24771875     0.24625203
     0.75424575     0.24671509      0.2452584
     0.75524476     0.24571139     0.24426471
     0.75624376     0.24470763     0.24327097
     0.75724276     0.24370381     0.24227718
     0.75824176     0.24269995     0.24128334
     0.75924076     0.24169604     0.24028944
     0.76023976     0.24069207      0.2392955
     0.76123876     0.23968806     0.23830151
     0.76223776     0.23868399     0.23730747
     0.76323676     0.23767988     0.23631338
     0.76423576     0.23667572     0.23531924
     0.76523477     0.23567151     0.23432505
     0.76623377     0.23466726     0.23333081
     0.76723277     0.23366295     0.23233653
     0.76823177      0.2326586      0.2313422
     0.76923077     0.23165421     0.23034783
     0.77022977     0.23064977     0.22935341
     0.77122877     0.22964528     0.22835895
     0.77222777     0.22864075     0.22736444
     0.77322677     0.22763618     0.22636988
     0.77422577     0.22663156     0.22537529
     0.77522478      0.2256269     0.22438064
     0.77622378     0.22462219     0.22338596
     0.77722278     0.22361744     0.22239123
     0.77822178     0.22261266     0.22139647
     0.77922078     0.22160782     0.22040166
     0.78021978     0.22060295     0.21940681
     0.78121878     0.21959804     0.21841191
     0.78221778     0.21859309     0.21741698
     0.78321678     0.21758809     0.21642201
     0.78421578     0.21658306       0.215427
     0.78521479     0.21557799     0.21443195
     0.78621379     0.21457288     0.21343686
     0.78721279     0.21356773     0.21244173
     0.78821179     0.21256254     0.21144656
     0.78921079     0.21155731     0.21045136
     0.79020979     0.21055205     0.20945612
     0.79120879     0.20954675     0.20846084
     0.79220779     0.20854142     0.20746553
     0.79320679     0.20753605     0.20647018
     0.79420579     0.20653064     0.20547479
      0.7952048     0.20552519     0.20447937
      0.7962038     0.20451972     0.20348391
      0.7972028      0.2035142     0.20248842
      0.7982018     0.20250865     0.20149289
      0.7992008     0.20150307     0.20049733
      0.8001998     0.20049746     0.19950174
      0.8011988     0.19949181     0.19850611
      0.8021978     0.19848613     0.19751045
      0.8031968     0.19748041     0.19651475
      0.8041958     0.19647466     0.19551903
     0.80519481     0.19546888     0.19452327
     0.80619381     0.19446307     0.19352748
     0.80719281     0.19345723     0.19253166
     0.80819181     0.19245136     0.19153581
     0.80919081     0.19144545     0.19053992
     0.81018981     0.19043952     0.18954401
     0.81118881     0.18943355     0.18854806
     0.81218781     0.18842756     0.18755209
     0.81318681     0.18742153     0.18655609
     0.81418581     0.18641548     0.18556005
     0.81518482     0.18540939     0.18456399
     0.81618382     0.18440328      0.1835679
     0.81718282     0.18339714     0.18257178
     0.81818182     0.18239097     0.18157563
     0.81918082     0.18138478     0.18057946
     0.82017982     0.18037855     0.17958326
     0.82117882      0.1793723     0.17858703
     0.82217782     0.17836602     0.17759077
     0.82317682     0.17735972     0.17659448
     0.82417582     0.17635338     0.17559817
     0.82517483     0.17534703     0.17460184
     0.82617383     0.17434064     0.17360547
     0.82717283     0.17333423     0.17260908
     0.82817183      0.1723278     0.17161267
     0.82917083     0.17132133     0.17061623
     0.83016983     0.17031485     0.16961976
     0.83116883     0.16930834     0.16862327
     0.83216783      0.1683018     0.16762676
     0.83316683     0.16729524     0.16663022
     0.83416583     0.16628866     0.16563366
     0.83516484     0.16528205     0.16463707
     0.83616384     0.16427542     0.16364046
     0.83716284     0.16326877     0.16264383
     0.83816184     0.16226209     0.16164718
     0.83916084     0.16125539      0.1606505
     0.84015984     0.16024867     0.15965379
     0.84115884     0.15924192     0.15865707
     0.84215784     0.15823515     0.15766032
     0.84315684     0.15722837     0.15666356
     0.84415584     0.15622155     0.15566677
     0.84515485     0.15521472     0.15466996
     0.84615385     0.15420787     0.15367312
     0.84715285     0.15320099     0.15267627
     0.84815185      0.1521941     0.15167939
     0.84915085     0.15118718      0.1506825
     0.85014985     0.15018024     0.14968558
     0.85114885     0.14917329     0.14868865
     0.85214785     0.14816631     0.14769169
     0.85314685     0.14715931     0.14669471
     0.85414585     0.14615229     0.14569772
     0.85514486     0.14514526      0.1447007
     0.85614386      0.1441382     0.14370367
     0.85714286     0.14313113     0.14270662
     0.85814186     0.14212403     0.14170954
     0.85914086     0.14111692     0.14071245
     0.86013986     0.14010979     0.13971534
     0.86113886     0.13910264     0.13871821
     0.86213786     0.13809547     0.13772107
     0.86313686     0.13708829      0.1367239
     0.86413586     0.13608108     0.13572672
     0.86513487     0.13507386     0.13472952
     0.86613387     0.13406662      0.1337323
     0.86713287     0.13305937     0.13273507
     0.86813187      0.1320521     0.13173782
     0.86913087     0.13104481     0.13074055
     0.87012987      0.1300375     0.12974326
     0.87112887     0.12903018     0.12874596
     0.87212787     0.12802284     0.12774864
     0.87312687     0.12701548     0.12675131
     0.87412587     0.12600811     0.12575396
     0.87512488     0.12500072     0.12475659
     0.87612388     0.12399332     0.12375921
     0.87712288      0.1229859     0.12276181
     0.87812188     0.12197846      0.1217644
     0.87912088     0.12097101     0.12076697
     0.88011988     0.11996355     0.11976952
     0.88111888     0.11895607     0.11877207
     0.88211788     0.11794857     0.11777459
     0.88311688     0.11694106      0.1167771
     0.88411588     0.11593354      0.1157796
     0.88511489       0.114926     0.11478208
     0.88611389     0.11391845     0.11378455
     0.88711289     0.11291088       0.112787
     0.88811189      0.1119033     0.11178944
     0.88911089      0.1108957     0.11079187
     0.89010989     0.10988809     0.10979428
     0.89110889     0.10888047     0.10879668
     0.89210789     0.10787283     0.10779907
     0.89310689     0.10686519     0.10680144
     0.89410589     0.10585752      0.1058038
      0.8951049     0.10484985     0.10480614
      0.8961039     0.10384216     0.10380847
      0.8971029     0.10283446     0.10281079
      0.8981019     0.10182674      0.1018131
      0.8991009     0.10081902      0.1008154
      0.9000999    0.099811277    0.099817678
      0.9010989    0.098803526    0.098819948
      0.9020979    0.097795763    0.097822205
      0.9030969    0.096787987    0.096824451
      0.9040959    0.095780199    0.095826685
     0.90509491      0.0947724    0.094828906
     0.90609391    0.093764589    0.093831117
     0.90709291    0.092756766    0.092833315
     0.90809191    0.091748932    0.091835502
     0.90909091    0.090741087    0.090837678
     0.91008991     0.08973323    0.089839842
     0.91108891    0.088725362    0.088841996
     0.91208791    0.087717483    0.087844138
     0.91308691    0.086709593     0.08684627
     0.91408591    0.085701693     0.08584839
     0.91508492    0.084693782      0.0848505
     0.91608392     0.08368586    0.083852599
     0.91708292    0.082677927    0.082854688
     0.91808192    0.081669984    0.081856767
     0.91908092    0.080662031    0.080858835
     0.92007992    0.079654068    0.079860893
     0.92107892    0.078646095    0.078862941
     0.92207792    0.077638112    0.077864979
     0.92307692    0.076630119    0.076867007
     0.92407592    0.075622116    0.075869025
     0.92507493    0.074614103    0.074871034
     0.92607393    0.073606081    0.073873033
     0.92707293    0.072598049    0.072875022
     0.92807193    0.071590008    0.071877002
     0.92907093    0.070581958    0.070878973
     0.93006993    0.069573898    0.069880935
     0.93106893    0.068565829    0.068882887
     0.93206793    0.067557752    0.067884831
     0.93306693    0.066549665    0.066886765
     0.93406593    0.065541569    0.065888691
     0.93506494    0.064533465    0.064890608
     0.93606394    0.063525352    0.063892516
     0.93706294    0.062517231    0.062894416
     0.93806194    0.061509101    0.061896307
     0.93906094    0.060500962     0.06089819
     0.94005994    0.059492815    0.059900064
     0.94105894     0.05848466     0.05890193
     0.94205794    0.057476497    0.057903788
     0.94305694    0.056468326    0.056905638
     0.94405594    0.055460147     0.05590748
     0.94505495    0.054451959    0.054909314
     0.94605395    0.053443764     0.05391114
     0.94705295    0.052435561    0.052912959
     0.94805195    0.051427351    0.051914769
     0.94905095    0.050419133    0.050916572
     0.95004995    0.049410907    0.049918368
     0.95104895    0.048402674    0.048920156
     0.95204795    0.047394433    0.047921936
     0.95304695    0.046386185     0.04692371
     0.95404595     0.04537793    0.045925476
     0.95504496    0.044369668    0.044927235
     0.95604396    0.043361398    0.043928986
     0.95704296    0.042353122    0.042930731
     0.95804196    0.041344839    0.041932469
     0.95904096    0.040336548      0.0409342
     0.96003996    0.039328251    0.039935924
     0.96103896    0.038319947    0.038937641
     0.96203796    0.037311637    0.037939352
     0.96303696     0.03630332    0.036941056
     0.96403596    0.035294996    0.035942753
     0.96503497    0.034286666    0.034944444
     0.96603397    0.033278329    0.033946129
     0.96703297    0.032269986    0.032947807
     0.96803197    0.031261637    0.031949479
     0.96903097    0.030253281    0.030951145
     0.97002997    0.029244919    0.029952804
     0.97102897    0.028236551    0.028954457
     0.97202797    0.027228177    0.027956105
     0.97302697    0.026219798    0.026957746
     0.97402597    0.025211412    0.025959381
     0.97502498     0.02420302    0.024961011
     0.97602398    0.023194622    0.023962635
     0.97702298    0.022186219    0.022964253
     0.97802198     0.02117781    0.021965865
     0.97902098    0.020169396    0.020967471
     0.98001998    0.019160975    0.019969072
     0.98101898     0.01815255    0.018970668
     0.98201798    0.017144118    0.017972258
     0.98301698    0.016135682    0.016973842
     0.98401598     0.01512724    0.015975421
     0.98501499    0.014118792    0.014976995
     0.98601399     0.01311034    0.013978564
     0.98701299    0.012101882    0.012980127
     0.98801199    0.011093419    0.011981686
     0.98901099    0.010084951    0.010983239
     0.99000999   0.0090764777   0.0099847867
     0.99100899   0.0080679996   0.0089863298
     0.99200799   0.0070595165   0.0079878679
     0.99300699   0.0060510284    0.006989401
     0.99400599   0.0050425356   0.0059909294
       0.995005   0.0040340379   0.0049924529
       0.996004   0.0030255354   0.0039939717
       0.997003   0.0020170283   0.0029954857
       0.998002   0.0010085165   0.0019969951
